0 0.537402 0.759355 0.051133 0.067695
0 0.134395 0.775898 0.123320 0.145859
0 0.226133 0.798457 0.084219 0.070664
0 0.351680 0.754082 0.079688 0.111289
0 0.412578 0.767617 0.048125 0.054141
0 0.438906 0.762363 0.052656 0.058633
0 0.487773 0.756348 0.045078 0.067695
0 0.578750 0.750332 0.046641 0.058633
0 0.620859 0.739043 0.067656 0.069180
0 0.660723 0.741309 0.045117 0.043633
0 0.690039 0.733027 0.037578 0.057148
0 0.717832 0.732285 0.033086 0.046602
0 0.755449 0.727773 0.039102 0.046641
0 0.805059 0.724766 0.033086 0.034609
0 0.855430 0.702207 0.085703 0.088711
