0 0.091523 0.554844 0.151875 0.329297
0 0.514102 0.513477 0.067656 0.102266
0 0.884023 0.447324 0.169922 0.282695
0 0.707324 0.463867 0.063164 0.096250
0 0.772734 0.470625 0.064688 0.103750
0 0.172734 0.497695 0.067656 0.118828
0 0.236641 0.508223 0.054141 0.109805
0 0.283262 0.495430 0.054102 0.096250
0 0.342656 0.484902 0.058672 0.099258
0 0.397539 0.546562 0.072188 0.120312
0 0.432129 0.425508 0.105273 0.242109
0 0.556934 0.476641 0.057148 0.082734
0 0.619355 0.520254 0.064648 0.112773
0 0.876406 0.414238 0.091875 0.093242
