0 0.122363 0.400703 0.183477 0.105234
0 0.715527 0.107461 0.155039 0.072188
0 0.781680 0.201445 0.140000 0.085703
0 0.668906 0.255605 0.158047 0.136836
0 0.884688 0.475898 0.120469 0.141328
0 0.741074 0.402969 0.161055 0.103750
0 0.632793 0.473633 0.136992 0.206016
0 0.531309 0.321016 0.093398 0.138359
0 0.488535 0.496191 0.118789 0.142852
0 0.377988 0.404453 0.129336 0.151875
0 0.443418 0.094688 0.148867 0.064688
0 0.184707 0.226270 0.173086 0.087227
0 0.278672 0.581914 0.153516 0.169922
0 0.523789 0.715742 0.120469 0.236094
