0 0.540410 0.824414 0.234570 0.351172
0 0.309590 0.702969 0.160898 0.412031
0 0.083730 0.774395 0.167461 0.239102
0 0.171914 0.614238 0.165547 0.255664
0 0.796719 0.713477 0.284375 0.406016
0 0.795977 0.569883 0.243750 0.242109
0 0.495977 0.596953 0.170078 0.446641
0 0.541094 0.557852 0.206172 0.151875
0 0.192227 0.460938 0.194141 0.195312
0 0.080723 0.528535 0.161445 0.171445
0 0.665137 0.475898 0.114414 0.132344
0 0.844082 0.507480 0.165586 0.177461
0 0.979219 0.439043 0.041562 0.196992
0 0.725293 0.403711 0.132461 0.129297
0 0.604980 0.396191 0.099414 0.207539
0 0.474160 0.384922 0.168555 0.121797
0 0.283184 0.397695 0.114414 0.210547
0 0.057422 0.424023 0.114844 0.121797
0 0.042383 0.306719 0.084766 0.148906
0 0.095293 0.223184 0.144336 0.123164
0 0.214824 0.381914 0.142852 0.055625
0 0.199063 0.215742 0.054141 0.177422
0 0.221621 0.221758 0.087227 0.138359
0 0.323867 0.196191 0.087187 0.102227
0 0.379434 0.184160 0.084336 0.081211
0 0.437402 0.314238 0.055664 0.112773
0 0.545664 0.326270 0.079687 0.109805
0 0.784766 0.272129 0.139844 0.118789
0 0.613340 0.278164 0.061680 0.109766
0 0.662949 0.231523 0.070664 0.121797
0 0.553945 0.152598 0.078203 0.087227
0 0.359199 0.078145 0.034570 0.076680
0 0.139648 0.074375 0.049609 0.066172
0 0.834316 0.380410 0.182070 0.082695
0 0.960430 0.308984 0.079141 0.144375
0 0.887031 0.196953 0.043594 0.133828
0 0.925293 0.175137 0.045273 0.126289
0 0.735820 0.158594 0.042266 0.090234
0 0.625293 0.145059 0.049805 0.087227
0 0.668906 0.068379 0.043750 0.069180
0 0.587695 0.068359 0.046797 0.060156
0 0.525293 0.061602 0.021211 0.049609
0 0.492207 0.069863 0.051289 0.075195
0 0.181680 0.060098 0.040781 0.058633
0 0.429883 0.092441 0.058672 0.087227
0 0.476504 0.110469 0.052617 0.090234
0 0.798984 0.240566 0.096406 0.124805
0 0.983730 0.205215 0.032539 0.099258
0 0.784004 0.339805 0.051133 0.067656
0 0.514082 0.213477 0.049648 0.097734
0 0.574238 0.244316 0.061680 0.105273
