0 0.638906 0.442812 0.058672 0.120312
0 0.153184 0.600703 0.100742 0.234609
0 0.907793 0.811992 0.184414 0.302266
0 0.591543 0.722520 0.177461 0.348867
0 0.381758 0.623262 0.148906 0.207539
0 0.247168 0.536055 0.117305 0.249609
0 0.724629 0.654844 0.088711 0.165391
0 0.875742 0.603711 0.087187 0.192500
0 0.976973 0.554844 0.046055 0.187969
0 0.975469 0.488672 0.049063 0.109766
0 0.903574 0.506719 0.082695 0.139844
0 0.886270 0.457852 0.063164 0.096250
0 0.834395 0.418750 0.070664 0.090234
0 0.788535 0.439805 0.063164 0.108281
0 0.734395 0.518750 0.126289 0.175937
0 0.774980 0.507480 0.099258 0.123320
0 0.687012 0.490938 0.070664 0.120313
0 0.606582 0.554082 0.117305 0.174414
0 0.620098 0.397695 0.051133 0.099219
0 0.521602 0.427773 0.055625 0.159375
0 0.441172 0.469141 0.084219 0.157891
0 0.028848 0.662363 0.057695 0.321836
0 0.241895 0.717246 0.257148 0.389492
0 0.489277 0.405977 0.048086 0.103750
0 0.081758 0.360859 0.045078 0.073672
0 0.069727 0.415000 0.063125 0.133828
0 0.114824 0.440566 0.051133 0.124805
0 0.151680 0.481172 0.097734 0.133828
0 0.162207 0.358594 0.040586 0.102266
0 0.178750 0.397695 0.034609 0.120312
0 0.204316 0.406719 0.052617 0.123281
0 0.229141 0.330781 0.054141 0.070703
0 0.332129 0.409727 0.079727 0.126328
0 0.287773 0.440566 0.090234 0.142852
0 0.395293 0.417246 0.067695 0.120273
