0 0.629043 0.416484 0.129492 0.085703
0 0.701973 0.400703 0.112930 0.081172
0 0.671914 0.346582 0.115938 0.081211
0 0.636562 0.308965 0.129453 0.069180
0 0.115527 0.339062 0.112930 0.066172
0 0.247090 0.478906 0.156523 0.096250
0 0.077930 0.574395 0.146016 0.142852
0 0.884004 0.324766 0.112773 0.106797
0 0.901230 0.444316 0.129492 0.099258
0 0.853848 0.395449 0.100898 0.076680
0 0.813340 0.388672 0.127852 0.090234
0 0.498984 0.476660 0.152031 0.136836
0 0.501973 0.301465 0.100898 0.081211
0 0.317773 0.349590 0.135469 0.069180
0 0.263633 0.311992 0.141484 0.066172
