0 0.174238 0.474375 0.227070 0.309766
0 0.195332 0.381895 0.097695 0.251133
0 0.428379 0.410469 0.257148 0.362422
0 0.417109 0.559336 0.108281 0.254141
0 0.917012 0.348906 0.130977 0.248281
0 0.897480 0.242070 0.088867 0.175937
0 0.883184 0.105977 0.093398 0.192500
0 0.829805 0.092441 0.061797 0.183477
0 0.790781 0.105957 0.082734 0.117305
0 0.703496 0.091699 0.076836 0.178945
0 0.659883 0.295449 0.067813 0.228555
0 0.834316 0.338301 0.094883 0.263164
0 0.804238 0.283418 0.094883 0.201523
0 0.709492 0.378887 0.103906 0.287227
0 0.370469 0.630781 0.132344 0.345859
0 0.823867 0.723262 0.260156 0.386445
0 0.657695 0.511230 0.186484 0.365430
0 0.604316 0.342871 0.106758 0.220898
